867.7
681.8
673.2
623.2
587.1
793.5
818.2
799.5
628.3
665.4
758.4
558.1
516.8
541.7
602.2
503.8
653.2
701.4
593.3
692.3
832.0
640.2
478.0
622.5
715.5
603.0
490.7
743.6
530.5
605.7
710.4
700.2
593.7
684.9
548.8
565.2
609.0
569.8
552.8
683.0
795.6
628.7
710.9
566.6
579.4
621.5
894.2
702.0
685.4
666.2
955.9
637.0
570.8
468.7
690.8
741.1
828.3
782.2
619.8
845.2
755.6
648.5
561.7
700.8
787.9
528.9
785.0
889.6
656.7
624.2
834.9
886.9
488.8
711.0
804.4
594.4
610.4
691.0
572.8
1039.1
809.8
634.1
622.6
554.7
899.6
612.5
505.4
729.7
572.7
856.2
919.4
625.6
686.1
526.9
613.6
982.8
777.9
636.8
681.0
579.6
895.9
804.5
545.2
427.7
648.5
681.1
1153.4
972.9
859.5
1174.0
1002.8
934.6
835.7
736.1
877.5
826.1
934.7
842.3
784.1
782.1
940.2
967.0
903.5
697.2
694.2
749.2
778.9
891.9
929.7
807.6
916.0
937.4
680.0
610.2
743.9
765.4
822.6
1009.4
675.4
930.3
1033.6
860.1
836.2
617.6
768.9
666.3
721.3
912.8
931.3
910.3
927.1
757.0
834.5
629.2
734.1
856.1
904.0
912.0
870.9
1048.9
887.2
939.7
705.4
693.1
711.4
812.6
787.8
721.8
774.0
888.4
1029.7
865.6
810.9
699.3
822.4
810.9
877.0
1013.5
856.6
804.9
985.9
909.7
949.6
659.1
885.6
780.1
959.0
998.4
966.6
998.1
1009.5
961.8
887.0
837.9
1272.0
1077.6
1138.9
1107.2
1011.0
1393.2
1150.6
870.9
1180.2
843.7
984.8
814.0
923.3
879.1
1037.3
1328.0
1366.1
1183.3
813.5
942.6
1142.1
1059.9
1039.1
1013.4
1041.9
927.3
1159.5
902.4
935.3
1070.1
1285.8
905.6
950.4
1223.1
1071.9
1101.7
1210.7
1140.0
1157.2
1105.5
1131.7
1142.3
1153.4
1035.0
941.9
1156.7
1002.3
971.7
926.9
1090.8
1064.0
994.9
1134.2
961.4
1126.9
1155.5
1139.7
1189.7
1126.9
1059.7
906.9
982.2
1034.4
1218.1
1061.5
922.1
1283.7
1208.9
946.8
971.3
1138.7
1119.4
1188.8
969.4
938.8
1060.2
1010.3
1159.5
902.0
1059.5
1054.2
1106.9
955.7
879.5
945.8
1172.8
1045.3
1075.9
1220.8
1155.6
1192.7
838.4
975.2
1198.4
912.2
1169.2
1296.2
1058.0
1002.1
876.9
1131.7
869.6
1184.1
1032.9
894.3
1174.6
1122.6
939.8
960.9
836.8
1027.8
1001.5
1034.5
1108.5
1074.3
1623.6
1059.6
861.9
857.7
526.2
749.0
780.8
855.8
738.0
610.5
763.0
924.9
776.7
759.8
713.5
669.4
865.1
926.4
915.1
720.6
675.4
980.1
987.5
832.2
672.8
807.2
664.0
661.3
579.7
647.1
897.9
805.8
794.5
649.3
708.8
798.1
621.6
785.0
664.8
690.9
695.7
713.0
797.2
880.0
596.4
603.3
658.5
719.6
716.2
630.2
1032.4
873.0
946.9
719.4
599.6
586.0
547.4
757.0
795.2
584.6
872.6
684.6
805.0
618.6
523.1
920.2
719.0
751.1
573.8
793.5
880.6
761.9
786.4
719.5
656.0
624.2
626.4
531.4
888.1
714.4
633.9
927.0
725.3
520.0
833.0
664.0
579.0
726.8
856.3
558.7
657.7
830.8
745.9
649.6
703.0
839.7
767.4
818.5
808.2
686.2
676.4
882.3
750.2
605.3
570.1
754.2
598.1
826.8
852.9
584.7
745.7
892.0
743.6
809.1
606.5
648.5
718.7
780.4
600.9
567.2
972.3
856.3
809.0
877.3
588.3
725.5
665.8
769.7
899.7
601.4
797.1
1005.7
534.8
674.7
500.5
576.4
711.5
732.0
876.8
599.9
600.4
692.0
770.5
669.2
700.5
792.6
601.1
778.2
690.1
724.5
739.9
826.9
677.3
549.1
581.8
618.8
559.1
778.2
851.7
757.8
773.1
797.2
917.3
837.5
765.4
647.5
829.3
718.1
729.1
520.1
865.7
888.8
727.7
558.5
659.8
697.7
678.9
765.4
735.4
585.3
895.0
976.7
904.2
703.2
662.6
797.5
799.9
791.1
644.3
615.1
959.1
1417.7
741.2
756.2
902.3
623.5
787.6
723.0
747.7
734.4
809.9
581.7
720.6
788.5
917.7
823.8
938.2
1096.3
922.7
659.0
1151.1
890.4
952.9
810.7
795.2
929.2
1024.4
918.5
916.7
702.3
1051.7
921.9
762.1
757.1
747.9
850.3
983.9
820.8
857.6
760.5
939.3
983.5
1005.1
973.0
1125.6
844.4
1094.8
880.0
692.9
855.7
1039.3
904.1
1100.9
875.3
1231.9
678.6
991.1
784.4
879.7
913.5
979.1
989.4
644.0
1280.2
889.1
921.9
966.0
904.0
939.5
738.2
997.0
916.0
844.0
895.6
1055.4
717.4
1008.4
911.1
835.3
980.7
1286.5
888.1
715.3
915.0
558.9
648.5
863.3
785.3
1632.5
1474.9
1246.4
1252.1
925.0
993.6
1343.5
1260.8
966.6
1177.0
1077.7
917.4
1462.7
1181.8
4445.7
1533.8
1250.9
1092.7
1067.8
821.6
763.7
695.5
867.7
839.4
735.6
1546.0
1265.5
1046.2
1083.3
1297.6
808.5
961.1
1660.1
1836.0
1290.5
963.0
1700.3
987.6
1558.8
1516.0
2348.1
2013.1
1655.6
1319.8
1395.4
1467.9
1281.6
1651.0
1533.1
1223.6
1183.7
2582.7
2729.6
1345.8
2565.8
2439.3
2037.2
1037.1
1693.2
1050.7
1141.5
961.8
922.7
741.4
861.0
846.5
1229.2
667.5
959.2
880.3
1048.3
1187.7
1168.4
857.8
971.4
849.1
817.8
841.9
891.5
887.3
887.3
644.8
1090.7
982.4
1132.4
995.6
765.9
959.3
841.7
654.6
969.6
685.5
1314.3
752.9
908.8
761.1
631.3
735.8
1070.0
850.0
844.6
686.2
1107.6
912.1
940.1
1054.3
1014.4
1099.5
860.8
920.2
842.3
727.0
977.0
701.3
738.5
777.9
1021.4
739.3
976.6
604.9
891.5
948.8
1053.2
724.3
768.9
814.4
1010.6
656.0
966.3
933.9
804.0
665.3
1049.2
787.7
764.0
724.3
712.7
853.0
897.7
860.1
935.2
707.8
1219.1
872.0
994.0
892.9
848.2
913.7
940.8
943.1
829.7
819.6
1082.9
573.9
770.2
656.5
852.6
868.5
937.2
856.7
856.0
937.3
693.3
723.1
916.5
1086.4
924.1
891.4
1066.4
710.4
814.0
698.4
1139.9
842.5
693.6
830.8
813.3
885.5
1031.8
983.6
1077.0
881.0
696.4
696.3
776.8
902.9
1147.0
942.5
799.2
951.3
867.0
708.2
1080.8
919.7
1086.5
785.5
675.5
1085.2
912.7
762.1
902.0
975.1
1028.3
648.4
894.3
897.7
855.9
731.6
961.9
825.5
1082.4
810.5
1122.2
938.4
776.3
1155.0
867.3
791.7
1139.6
763.7
883.8
775.3
894.2
707.9
766.6
943.5
891.3
1026.2
886.3
1055.5
934.8
811.9
803.1
1181.3
1021.5
763.8
928.6
779.9
873.2
965.6
853.3
819.7
850.2
868.1
872.4
1013.8
931.4
630.1
953.3
690.8
891.7
730.5
1119.4
761.1
808.4
1084.7
911.7
827.8
856.1
673.3
839.6
852.0
979.1
988.1
808.8
874.8
1003.4
893.2
994.8
869.5
837.8
700.7
1157.8
601.6
927.5
959.7
1110.5
918.2
884.0
874.7
953.0
1229.4
1026.7
806.6
986.8
918.5
785.2
725.1
1169.1
655.9
980.8
909.9
982.9
955.7
844.5
931.4
1215.7
707.4
1058.1
680.4
930.0
896.8
966.7
675.9
767.9
742.7
1068.0
737.0
1107.5
754.4
778.3
851.2
1265.0
1070.4
827.7
823.9
839.5
1439.9
872.5
875.0
685.9
847.9
920.2
1045.3
869.5
1023.9
949.8
891.3
950.7
868.5
858.5
936.7
1136.8
871.5
955.0
690.6
1057.7
1166.7
1187.9
925.8
1091.6
657.7
899.6
842.5
1068.0
885.9
811.1
875.8
793.4
910.6
744.5
783.9
1009.7
835.2
759.2
859.8
993.0
853.4
864.5
744.5
734.2
682.2
1006.7
815.6
932.4
989.6
856.7
900.3
1159.2
864.2
820.1
716.0
903.6
654.1
938.7
742.6
1118.4
920.9
984.5
923.0
971.5
639.7
1144.1
965.8
953.6
1079.5
1921.2
1729.4
923.4
995.8
902.5
854.1
1271.7
1007.9
1537.4
688.1
1122.3
761.2
858.5
714.5
850.0
1294.4
958.8
1067.7
673.2
843.7
675.5
768.1
1199.8
980.5
1252.1
986.7
1225.1
1840.3
906.5
804.8
931.3
1016.5
816.1
788.2
883.6
912.1
977.6
887.4
419.3
605.6
1044.2
1078.3
871.4
912.1
1182.1
943.1
1002.4
1037.6
612.5
1142.1
1068.2
1025.0
1130.4
959.7
1017.6
1024.6
1195.9
847.5
730.4
792.3
776.9
925.0
1934.1
1117.2
1686.8
1346.4
1277.0
1080.0
994.1
1055.5
987.4
841.8
808.1
747.7
813.7
1070.1
1311.5
845.0
1090.8
952.1
808.9
1119.9
1014.5
1001.4
929.3
960.5
974.7
1113.7
766.6
907.9
1458.9
1041.7
918.3
852.7
984.8
857.6
1228.6
985.7
820.7
1013.2
794.6
1050.8
1069.6
1130.7
1054.0
1208.2
1810.1
1082.7
1298.4
1002.4
950.9
938.6
1290.3
705.6
940.1
865.0
1215.2
1316.3
1052.0
868.1
790.1
1021.6
989.8
1145.3
840.5
1022.4
1353.3
970.4
810.4
891.7
808.8
1031.2
1039.3
879.5
869.0
995.8
1103.7
981.8
759.7
812.9
921.6
1233.4
1105.0
820.2
947.9
914.1
913.8
932.7
810.1
702.5
1475.0
1172.7
1562.5
963.7
807.3
1144.5
1182.5
1095.1
1160.4
944.5
871.1
1084.7
1251.5
924.3
858.2
1013.9
1240.6
862.7
991.5
1211.3
927.8
1090.0
1226.2
1025.6
1046.7
1064.8
1156.9
955.5
898.5
1104.6
1039.6
906.5
1365.2
1120.7
961.1
839.4
1317.6
1112.9
812.1
844.4
854.3
1122.0
1251.4
1283.0
1178.4
868.9
1205.0
1089.6
972.5
879.1
853.0
990.9
1092.4
659.9
987.5
785.7
973.0
836.6
973.6
949.6
916.0
1302.8
940.9
867.9
1038.8
1155.4
1354.9
1165.9
843.1
833.5
778.0
1163.6
997.6
1127.0
1188.6
1209.5
1355.3
1047.3
988.0
990.5
867.8
1287.1
1042.0
1072.6
1090.5
1036.1
1402.7
881.6
882.3
656.5
1027.4
1217.9
944.2
844.8
887.7
1017.5
1063.9
925.6
1061.1
931.4
1132.3
983.6
891.4
1079.4
1260.4
924.4
1173.6
825.5
756.6
860.9
896.6
1162.0
906.8
774.8
585.9
916.8
895.4
1078.8
962.9
730.6
843.4
1070.8
923.2
801.9
683.2
1071.8
1054.5
1222.1
888.4
652.1
868.4
1053.7
1188.5
889.1
932.0
802.3
1206.5
947.7
846.0
825.3
854.0
998.7
893.2
684.2
1333.8
1060.2
1483.6
1030.6
830.9
937.3
809.2
794.6
879.9
801.1
767.4
1108.2
1329.9
2139.2
1095.1
1157.8
878.7
998.6
952.5
985.0
1098.3
980.2
1199.1
986.4
795.0
906.2
960.6
1155.2
939.4
1029.4
1077.0
862.7
1214.1
813.8
857.4
874.1
913.0
1028.4
976.7
984.4
875.3
1139.8
1029.1
996.7
979.0
691.5
1235.9
1040.7
964.4
1082.1
953.0
1026.2
948.0
932.0
758.1
690.3
740.6
1143.0
830.6
989.2
828.4
947.3
1151.1
893.6
879.3
931.1
873.5
1170.8
1138.2
908.2
752.7
1007.7
912.9
930.1
959.2
972.3
1002.8
1104.2
827.9
992.7
992.1
1114.7
1079.4
1378.3
908.4
785.7
979.8
1064.7
1025.6
1070.4
728.0
950.0
1340.9
813.4
981.5
898.2
1102.4
1227.0
1030.7
965.5
1061.7
930.3
941.0
1067.1
774.6
619.8
1098.1
724.6
800.8
1039.6
848.1
1034.9
1035.3
794.5
1186.2
797.0
914.6
1092.7
919.3
887.6
968.5
1073.7
940.8
895.1
694.2
856.4
821.6
1169.4
970.4
849.2
834.3
884.4
973.5
799.0
669.8
867.4
912.9
1375.2
1310.6
1083.1
972.4
1192.6
955.9
1075.6
849.1
885.8
832.4
838.5
986.5
1034.3
767.6
858.5
1278.2
1227.4
779.1
635.9
880.9
1076.2
1152.6
788.4
901.6
973.4
1153.1
1142.3
1109.7
899.0
994.1
886.5
1197.3
850.7
1095.6
958.3
917.7
884.2
897.4
861.1
907.0
1012.4
815.3
687.1
833.3
978.3
929.4
954.9
658.4
907.8
865.6
1148.9
1020.7
756.4
866.7
1342.7
1056.5
951.1
834.3
876.7
708.3
874.4
950.4
749.2
848.6
1022.1
1035.6
1198.8
980.0
1196.2
900.7
1152.7
1561.0
1040.3
886.1
658.8
1101.1
1316.9
1032.2
763.0
1423.8
1034.9
952.5
859.2
820.1
717.6
1066.3
956.9
667.2
638.6
940.9
748.5
887.8
774.7
932.9
1061.6
897.2
