810.6
630.5
437.4
471.8
666.2
701.3
815.6
626.1
449.4
719.1
766.9
543.6
625.6
474.4
531.5
495.5
589.3
644.4
646.9
555.6
685.6
471.4
563.9
725.2
714.3
507.5
808.3
777.0
721.7
668.4
811.4
742.4
583.1
597.3
634.2
731.6
822.3
667.4
654.5
610.9
741.1
611.9
605.4
676.9
625.5
548.1
693.6
720.1
732.4
719.6
1136.3
851.0
673.1
1081.7
865.9
1049.8
997.8
779.2
758.0
845.3
805.7
730.6
924.5
833.5
838.8
799.1
763.1
685.7
873.9
1146.7
813.7
632.8
740.1
812.9
643.6
892.8
700.4
774.8
894.2
1081.4
867.5
946.7
616.6
880.6
816.5
848.3
887.8
902.1
683.1
999.5
769.5
772.9
729.0
763.6
848.7
1059.7
752.4
713.2
652.4
1053.4
1311.5
712.0
553.6
699.8
926.7
855.9
724.7
975.0
964.8
891.8
911.6
655.5
564.0
901.9
929.9
918.0
916.8
638.9
950.1
965.8
886.3
596.8
638.1
825.9
833.7
977.4
590.0
598.4
770.9
951.8
676.0
765.3
829.0
775.1
908.8
1016.1
723.3
759.1
869.9
915.7
600.0
659.8
580.7
720.7
926.5
919.5
689.6
668.3
879.0
844.9
